IMAGE MATRIX:
[[[ 53  51  92 255]
  [ 53  51  92 255]
  [ 53  51  92 255]
  ..., 
  [ 66  60  90 255]
  [ 66  60  90 255]
  [ 67  61  92 255]]

 [[ 54  52  93 255]
  [ 53  51  92 255]
  [ 53  51  92 255]
  ..., 
  [ 68  62  92 255]
  [ 68  62  93 255]
  [ 69  63  94 255]]

 [[ 55  53  94 255]
  [ 54  52  93 255]
  [ 53  51  92 255]
  ..., 
  [ 68  62  93 255]
  [ 68  62  93 255]
  [ 68  62  93 255]]

 ..., 
 [[ 75  73  74 255]
  [ 70  68  69 255]
  [ 69  66  68 255]
  ..., 
  [129 137 136 255]
  [129 138 137 255]
  [129 138 137 255]]

 [[ 37  31  46 255]
  [ 44  38  54 255]
  [ 50  44  60 255]
  ..., 
  [130 137 136 255]
  [131 138 137 255]
  [131 139 138 255]]

 [[ 48  38  72 255]
  [ 47  37  69 255]
  [ 45  36  66 255]
  ..., 
  [129 138 136 255]
  [130 138 137 255]
  [131 139 138 255]]]
(0, 0)
IMAGE MATRIX:
[[[ 53  51  92 255]
  [ 53  51  92 255]
  [ 53  51  92 255]
  ..., 
  [ 66  60  89 255]
  [ 68  61  90 255]
  [ 70  62  91 255]]

 [[ 54  52  93 255]
  [ 54  52  93 255]
  [ 53  51  92 255]
  ..., 
  [ 68  62  91 255]
  [ 69  62  91 255]
  [ 70  62  91 255]]

 [[ 54  52  93 255]
  [ 54  52  93 255]
  [ 54  52  93 255]
  ..., 
  [ 68  62  91 255]
  [ 69  62  91 255]
  [ 69  61  90 255]]

 ..., 
 [[ 73  70  74 255]
  [ 67  64  69 255]
  [ 62  59  63 255]
  ..., 
  [128 137 136 255]
  [129 138 136 255]
  [129 138 137 255]]

 [[ 34  28  44 255]
  [ 39  33  51 255]
  [ 45  39  56 255]
  ..., 
  [128 138 135 255]
  [129 138 135 255]
  [129 139 136 255]]

 [[ 46  36  71 255]
  [ 46  37  70 255]
  [ 46  37  67 255]
  ..., 
  [129 139 135 255]
  [129 139 135 255]
  [129 139 135 255]]]
(0.40416047548291234, 271.59583952451709)
IMAGE MATRIX:
[[[ 56  52  93 255]
  [ 55  51  92 255]
  [ 54  50  91 255]
  ..., 
  [ 66  60  89 255]
  [ 67  61  90 255]
  [ 68  62  91 255]]

 [[ 56  52  93 255]
  [ 55  51  92 255]
  [ 55  51  92 255]
  ..., 
  [ 68  62  91 255]
  [ 69  63  92 255]
  [ 68  62  91 255]]

 [[ 57  53  94 255]
  [ 56  52  93 255]
  [ 55  51  92 255]
  ..., 
  [ 69  63  92 255]
  [ 69  63  92 255]
  [ 68  62  91 255]]

 ..., 
 [[ 75  73  74 255]
  [ 70  67  70 255]
  [ 67  65  66 255]
  ..., 
  [128 137 136 255]
  [128 137 136 255]
  [129 138 137 255]]

 [[ 36  30  45 255]
  [ 42  36  52 255]
  [ 49  43  59 255]
  ..., 
  [129 138 137 255]
  [129 138 137 255]
  [130 139 138 255]]

 [[ 46  36  70 255]
  [ 46  37  69 255]
  [ 46  37  68 255]
  ..., 
  [129 139 136 255]
  [130 139 137 255]
  [130 140 137 255]]]
(0, 0)
IMAGE MATRIX:
[[[ 54  52  93 255]
  [ 53  51  92 255]
  [ 53  51  92 255]
  ..., 
  [ 65  59  90 255]
  [ 65  59  90 255]
  [ 66  60  91 255]]

 [[ 54  52  93 255]
  [ 53  51  92 255]
  [ 53  51  92 255]
  ..., 
  [ 67  61  92 255]
  [ 67  61  92 255]
  [ 67  61  92 255]]

 [[ 55  53  94 255]
  [ 54  52  93 255]
  [ 54  52  93 255]
  ..., 
  [ 68  62  92 255]
  [ 67  61  91 255]
  [ 67  61  90 255]]

 ..., 
 [[ 74  73  72 255]
  [ 69  66  67 255]
  [ 65  63  64 255]
  ..., 
  [128 137 136 255]
  [129 138 137 255]
  [129 138 137 255]]

 [[ 37  32  44 255]
  [ 42  37  51 255]
  [ 46  41  56 255]
  ..., 
  [129 138 137 255]
  [130 139 138 255]
  [130 139 138 255]]

 [[ 47  38  70 255]
  [ 46  38  68 255]
  [ 45  37  66 255]
  ..., 
  [129 138 137 255]
  [130 139 138 255]
  [130 139 138 255]]]
(0.4784546805349183, 321.52154531946508)
IMAGE MATRIX:
[[[ 53  51  92 255]
  [ 53  51  92 255]
  [ 53  51  92 255]
  ..., 
  [ 66  60  91 255]
  [ 66  60  91 255]
  [ 67  61  92 255]]

 [[ 54  52  93 255]
  [ 53  51  92 255]
  [ 53  51  92 255]
  ..., 
  [ 68  62  93 255]
  [ 68  62  93 255]
  [ 68  62  93 255]]

 [[ 55  53  94 255]
  [ 54  52  93 255]
  [ 54  52  93 255]
  ..., 
  [ 68  62  92 255]
  [ 68  62  92 255]
  [ 67  61  91 255]]

 ..., 
 [[ 74  72  72 255]
  [ 69  67  68 255]
  [ 65  63  64 255]
  ..., 
  [127 136 135 255]
  [128 137 136 255]
  [128 137 136 255]]

 [[ 36  31  43 255]
  [ 42  37  51 255]
  [ 46  41  56 255]
  ..., 
  [128 137 136 255]
  [129 138 137 255]
  [129 138 137 255]]

 [[ 46  37  69 255]
  [ 45  37  67 255]
  [ 43  36  64 255]
  ..., 
  [128 137 136 255]
  [129 138 137 255]
  [129 138 137 255]]]
(0, 0)
IMAGE MATRIX:
[[[ 52  50  91 255]
  [ 53  51  92 255]
  [ 53  51  92 255]
  ..., 
  [ 67  61  90 255]
  [ 67  61  90 255]
  [ 67  61  90 255]]

 [[ 52  50  91 255]
  [ 52  50  91 255]
  [ 53  51  92 255]
  ..., 
  [ 69  63  92 255]
  [ 69  63  92 255]
  [ 68  62  91 255]]

 [[ 54  52  93 255]
  [ 53  51  92 255]
  [ 53  51  92 255]
  ..., 
  [ 69  63  92 255]
  [ 68  62  91 255]
  [ 68  62  91 255]]

 ..., 
 [[ 77  74  76 255]
  [ 71  68  70 255]
  [ 67  63  65 255]
  ..., 
  [128 137 136 255]
  [128 137 136 255]
  [129 138 137 255]]

 [[ 39  33  48 255]
  [ 44  37  54 255]
  [ 49  42  59 255]
  ..., 
  [128 137 136 255]
  [129 138 137 255]
  [129 138 137 255]]

 [[ 45  35  70 255]
  [ 46  36  70 255]
  [ 46  36  68 255]
  ..., 
  [128 137 136 255]
  [129 138 137 255]
  [130 139 138 255]]]
(0.4947994056463596, 332.50520059435365)
IMAGE MATRIX:
[[[ 54  52  93 255]
  [ 53  51  92 255]
  [ 53  51  92 255]
  ..., 
  [ 66  60  89 255]
  [ 66  60  89 255]
  [ 67  61  90 255]]

 [[ 54  52  93 255]
  [ 53  51  92 255]
  [ 53  51  92 255]
  ..., 
  [ 67  61  90 255]
  [ 68  62  91 255]
  [ 67  61  90 255]]

 [[ 55  53  94 255]
  [ 54  52  93 255]
  [ 53  51  92 255]
  ..., 
  [ 68  62  91 255]
  [ 67  61  90 255]
  [ 67  61  90 255]]

 ..., 
 [[ 75  73  75 255]
  [ 70  68  70 255]
  [ 67  65  66 255]
  ..., 
  [128 137 136 255]
  [129 138 137 255]
  [129 138 137 255]]

 [[ 37  31  45 255]
  [ 43  37  52 255]
  [ 48  43  59 255]
  ..., 
  [129 138 137 255]
  [129 138 137 255]
  [129 138 137 255]]

 [[ 45  35  69 255]
  [ 45  36  68 255]
  [ 45  37  67 255]
  ..., 
  [129 138 137 255]
  [130 139 138 255]
  [130 139 138 255]]]
(0, 0)
IMAGE MATRIX:
[[[ 54  52  93 255]
  [ 53  51  92 255]
  [ 53  51  92 255]
  ..., 
  [ 66  60  89 255]
  [ 66  60  89 255]
  [ 67  61  90 255]]

 [[ 54  52  93 255]
  [ 53  51  92 255]
  [ 53  51  92 255]
  ..., 
  [ 68  62  91 255]
  [ 68  62  91 255]
  [ 68  62  91 255]]

 [[ 55  53  94 255]
  [ 55  53  94 255]
  [ 53  51  92 255]
  ..., 
  [ 68  62  91 255]
  [ 68  62  91 255]
  [ 68  62  91 255]]

 ..., 
 [[ 75  73  74 255]
  [ 71  68  71 255]
  [ 66  64  67 255]
  ..., 
  [127 137 135 255]
  [128 137 136 255]
  [129 138 137 255]]

 [[ 38  32  47 255]
  [ 44  37  55 255]
  [ 48  42  60 255]
  ..., 
  [128 138 134 255]
  [129 138 135 255]
  [129 139 136 255]]

 [[ 45  35  70 255]
  [ 45  35  69 255]
  [ 45  35  68 255]
  ..., 
  [129 139 135 255]
  [129 139 135 255]
  [130 140 136 255]]]
(0.4784546805349183, 321.52154531946508)
IMAGE MATRIX:
[[[ 53  51  92 255]
  [ 52  50  91 255]
  [ 52  50  91 255]
  ..., 
  [ 65  59  88 255]
  [ 66  60  89 255]
  [ 67  61  90 255]]

 [[ 53  51  92 255]
  [ 52  50  91 255]
  [ 52  50  91 255]
  ..., 
  [ 67  61  90 255]
  [ 68  62  91 255]
  [ 67  61  90 255]]

 [[ 55  53  94 255]
  [ 54  52  93 255]
  [ 54  52  93 255]
  ..., 
  [ 68  62  91 255]
  [ 67  61  90 255]
  [ 67  61  90 255]]

 ..., 
 [[ 79  74  76 255]
  [ 75  70  73 255]
  [ 70  66  69 255]
  ..., 
  [128 138 134 255]
  [129 139 135 255]
  [129 139 136 255]]

 [[ 43  35  50 255]
  [ 48  40  57 255]
  [ 51  44  62 255]
  ..., 
  [128 138 134 255]
  [129 139 135 255]
  [129 139 135 255]]

 [[ 46  36  70 255]
  [ 46  36  70 255]
  [ 45  36  68 255]
  ..., 
  [130 138 134 255]
  [130 139 135 255]
  [130 139 136 255]]]
(0, 0)
IMAGE MATRIX:
[[[ 54  52  93 255]
  [ 53  51  92 255]
  [ 52  50  91 255]
  ..., 
  [ 66  60  89 255]
  [ 66  60  89 255]
  [ 66  60  89 255]]

 [[ 54  52  93 255]
  [ 53  51  92 255]
  [ 52  50  91 255]
  ..., 
  [ 68  62  91 255]
  [ 68  62  91 255]
  [ 68  62  91 255]]

 [[ 55  53  94 255]
  [ 54  52  93 255]
  [ 53  51  92 255]
  ..., 
  [ 68  62  91 255]
  [ 68  62  91 255]
  [ 67  61  90 255]]

 ..., 
 [[ 78  75  76 255]
  [ 72  69  71 255]
  [ 66  64  65 255]
  ..., 
  [128 137 136 255]
  [129 138 137 255]
  [128 137 136 255]]

 [[ 40  35  48 255]
  [ 44  39  53 255]
  [ 48  43  58 255]
  ..., 
  [128 137 136 255]
  [129 138 137 255]
  [129 138 137 255]]

 [[ 46  37  69 255]
  [ 46  38  68 255]
  [ 46  38  67 255]
  ..., 
  [129 138 135 255]
  [129 139 136 255]
  [130 139 137 255]]]
(0.41010401188707279, 275.58989598811291)
IMAGE MATRIX:
[[[ 55  53  94 255]
  [ 54  52  93 255]
  [ 53  51  92 255]
  ..., 
  [ 66  60  91 255]
  [ 67  61  92 255]
  [ 68  62  93 255]]

 [[ 55  53  94 255]
  [ 54  52  93 255]
  [ 53  51  92 255]
  ..., 
  [ 67  61  92 255]
  [ 68  62  93 255]
  [ 68  62  93 255]]

 [[ 55  53  94 255]
  [ 54  52  93 255]
  [ 54  52  93 255]
  ..., 
  [ 68  62  93 255]
  [ 68  62  93 255]
  [ 67  61  92 255]]

 ..., 
 [[ 73  71  73 255]
  [ 70  67  70 255]
  [ 66  63  67 255]
  ..., 
  [127 136 135 255]
  [128 137 136 255]
  [129 138 137 255]]

 [[ 36  30  45 255]
  [ 42  36  54 255]
  [ 47  41  59 255]
  ..., 
  [128 137 136 255]
  [129 138 137 255]
  [129 138 137 255]]

 [[ 42  34  69 255]
  [ 43  34  68 255]
  [ 43  33  66 255]
  ..., 
  [128 137 136 255]
  [129 138 137 255]
  [130 139 138 255]]]
(0.54977711738484403, 369.45022288261515)
IMAGE MATRIX:
[[[ 54  52  93 255]
  [ 53  51  92 255]
  [ 53  51  92 255]
  ..., 
  [ 66  60  89 255]
  [ 66  60  90 255]
  [ 67  61  92 255]]

 [[ 54  52  93 255]
  [ 53  51  92 255]
  [ 53  51  92 255]
  ..., 
  [ 68  62  91 255]
  [ 68  62  92 255]
  [ 68  62  93 255]]

 [[ 54  52  93 255]
  [ 54  52  93 255]
  [ 54  52  93 255]
  ..., 
  [ 69  63  92 255]
  [ 68  62  91 255]
  [ 67  61  91 255]]

 ..., 
 [[ 74  73  72 255]
  [ 70  68  69 255]
  [ 67  65  66 255]
  ..., 
  [127 137 135 255]
  [128 137 136 255]
  [129 138 137 255]]

 [[ 37  31  44 255]
  [ 43  38  53 255]
  [ 49  44  59 255]
  ..., 
  [128 138 134 255]
  [129 139 135 255]
  [130 140 137 255]]

 [[ 47  37  71 255]
  [ 47  37  69 255]
  [ 45  37  67 255]
  ..., 
  [129 139 135 255]
  [129 139 135 255]
  [130 140 136 255]]]
(0.4576523031203566, 307.54234769687963)
IMAGE MATRIX:
[[[ 54  52  93 255]
  [ 54  52  93 255]
  [ 53  51  92 255]
  ..., 
  [ 67  61  92 255]
  [ 67  61  92 255]
  [ 68  62  93 255]]

 [[ 54  52  93 255]
  [ 53  51  92 255]
  [ 53  51  92 255]
  ..., 
  [ 69  63  94 255]
  [ 69  63  94 255]
  [ 69  63  94 255]]

 [[ 56  54  95 255]
  [ 55  53  94 255]
  [ 55  53  94 255]
  ..., 
  [ 70  64  95 255]
  [ 69  63  93 255]
  [ 68  62  92 255]]

 ..., 
 [[ 76  74  75 255]
  [ 71  69  71 255]
  [ 68  66  67 255]
  ..., 
  [128 137 136 255]
  [129 138 137 255]
  [129 138 137 255]]

 [[ 39  34  46 255]
  [ 44  38  53 255]
  [ 48  43  59 255]
  ..., 
  [129 138 137 255]
  [130 139 138 255]
  [130 139 138 255]]

 [[ 46  37  69 255]
  [ 46  37  68 255]
  [ 46  37  67 255]
  ..., 
  [130 139 138 255]
  [130 139 138 255]
  [130 139 138 255]]]
(0, 0)
IMAGE MATRIX:
[[[ 54  52  93 255]
  [ 53  51  92 255]
  [ 53  51  92 255]
  ..., 
  [ 66  60  89 255]
  [ 66  60  89 255]
  [ 67  61  90 255]]

 [[ 54  52  93 255]
  [ 54  52  93 255]
  [ 54  52  93 255]
  ..., 
  [ 68  62  91 255]
  [ 68  62  91 255]
  [ 68  62  91 255]]

 [[ 54  52  93 255]
  [ 54  52  93 255]
  [ 54  52  93 255]
  ..., 
  [ 68  62  91 255]
  [ 68  62  91 255]
  [ 68  62  91 255]]

 ..., 
 [[ 74  72  74 255]
  [ 69  66  69 255]
  [ 67  64  67 255]
  ..., 
  [128 137 136 255]
  [129 138 137 255]
  [129 138 137 255]]

 [[ 36  30  45 255]
  [ 42  36  53 255]
  [ 48  43  60 255]
  ..., 
  [129 138 137 255]
  [130 139 138 255]
  [130 139 138 255]]

 [[ 46  36  70 255]
  [ 46  36  69 255]
  [ 45  36  67 255]
  ..., 
  [129 138 137 255]
  [130 139 138 255]
  [130 139 138 255]]]
(0, 0)
IMAGE MATRIX:
[[[ 54  52  94 255]
  [ 53  51  93 255]
  [ 53  51  93 255]
  ..., 
  [ 65  59  88 255]
  [ 66  60  89 255]
  [ 67  61  90 255]]

 [[ 53  51  93 255]
  [ 52  50  92 255]
  [ 52  50  92 255]
  ..., 
  [ 68  62  91 255]
  [ 68  62  91 255]
  [ 68  62  91 255]]

 [[ 55  53  95 255]
  [ 55  53  95 255]
  [ 54  52  94 255]
  ..., 
  [ 69  63  92 255]
  [ 69  63  92 255]
  [ 68  62  91 255]]

 ..., 
 [[ 75  74  74 255]
  [ 70  68  70 255]
  [ 65  63  65 255]
  ..., 
  [128 138 134 255]
  [129 139 135 255]
  [129 139 135 255]]

 [[ 39  34  47 255]
  [ 44  38  53 255]
  [ 47  42  57 255]
  ..., 
  [128 138 134 255]
  [129 139 135 255]
  [129 139 135 255]]

 [[ 46  36  70 255]
  [ 46  36  68 255]
  [ 45  36  66 255]
  ..., 
  [128 138 134 255]
  [130 140 136 255]
  [130 140 136 255]]]
(0, 0)
IMAGE MATRIX:
[[[ 54  52  93 255]
  [ 54  52  93 255]
  [ 54  52  93 255]
  ..., 
  [ 66  60  89 255]
  [ 67  61  90 255]
  [ 68  62  91 255]]

 [[ 54  52  93 255]
  [ 54  52  93 255]
  [ 54  52  93 255]
  ..., 
  [ 67  63  91 255]
  [ 68  63  92 255]
  [ 68  62  91 255]]

 [[ 54  52  93 255]
  [ 54  52  93 255]
  [ 54  52  93 255]
  ..., 
  [ 68  64  92 255]
  [ 68  63  91 255]
  [ 68  62  91 255]]

 ..., 
 [[ 78  76  77 255]
  [ 72  70  73 255]
  [ 68  65  68 255]
  ..., 
  [128 137 136 255]
  [129 138 137 255]
  [129 138 137 255]]

 [[ 42  36  50 255]
  [ 45  39  55 255]
  [ 49  43  60 255]
  ..., 
  [129 138 137 255]
  [129 138 137 255]
  [129 138 137 255]]

 [[ 45  36  69 255]
  [ 46  36  69 255]
  [ 45  37  67 255]
  ..., 
  [129 139 136 255]
  [130 139 137 255]
  [130 139 137 255]]]
(0, 0)
IMAGE MATRIX:
[[[ 53  51  93 255]
  [ 53  51  93 255]
  [ 52  50  92 255]
  ..., 
  [ 65  59  90 255]
  [ 66  60  91 255]
  [ 67  61  92 255]]

 [[ 53  51  93 255]
  [ 52  50  92 255]
  [ 52  50  92 255]
  ..., 
  [ 68  62  93 255]
  [ 68  62  93 255]
  [ 69  63  94 255]]

 [[ 56  54  95 255]
  [ 55  53  95 255]
  [ 54  52  94 255]
  ..., 
  [ 68  62  92 255]
  [ 68  62  92 255]
  [ 68  62  92 255]]

 ..., 
 [[ 74  72  72 255]
  [ 69  67  68 255]
  [ 64  62  63 255]
  ..., 
  [128 138 135 255]
  [129 139 135 255]
  [129 139 136 255]]

 [[ 36  31  44 255]
  [ 42  36  51 255]
  [ 46  41  57 255]
  ..., 
  [128 138 134 255]
  [129 139 135 255]
  [129 139 135 255]]

 [[ 45  36  68 255]
  [ 46  37  68 255]
  [ 46  37  67 255]
  ..., 
  [129 138 134 255]
  [129 139 135 255]
  [130 140 136 255]]]
(0.40564635958395245, 272.59435364041605)
IMAGE MATRIX:
[[[ 56  52  93 255]
  [ 56  52  93 255]
  [ 55  51  92 255]
  ..., 
  [ 66  60  89 255]
  [ 65  59  89 255]
  [ 66  60  89 255]]

 [[ 56  52  93 255]
  [ 56  52  93 255]
  [ 55  51  92 255]
  ..., 
  [ 67  61  92 255]
  [ 68  62  92 255]
  [ 68  62  93 255]]

 [[ 56  53  94 255]
  [ 56  52  93 255]
  [ 56  52  93 255]
  ..., 
  [ 68  62  93 255]
  [ 68  62  93 255]
  [ 68  62  93 255]]

 ..., 
 [[ 77  75  77 255]
  [ 74  72  74 255]
  [ 72  69  71 255]
  ..., 
  [127 137 135 255]
  [128 137 136 255]
  [129 138 137 255]]

 [[ 40  34  49 255]
  [ 47  41  57 255]
  [ 51  45  62 255]
  ..., 
  [128 138 134 255]
  [129 138 135 255]
  [129 139 136 255]]

 [[ 45  36  69 255]
  [ 45  35  69 255]
  [ 44  35  67 255]
  ..., 
  [128 138 134 255]
  [129 139 135 255]
  [130 140 136 255]]]
(0.40564635958395245, 272.59435364041605)
IMAGE MATRIX:
[[[ 55  53  94 255]
  [ 54  52  93 255]
  [ 54  52  93 255]
  ..., 
  [ 66  60  91 255]
  [ 66  60  91 255]
  [ 66  60  91 255]]

 [[ 55  53  94 255]
  [ 54  52  93 255]
  [ 54  52  93 255]
  ..., 
  [ 68  62  91 255]
  [ 68  62  91 255]
  [ 68  62  91 255]]

 [[ 56  54  95 255]
  [ 55  53  94 255]
  [ 54  52  93 255]
  ..., 
  [ 68  62  91 255]
  [ 67  61  90 255]
  [ 67  61  90 255]]

 ..., 
 [[ 76  74  74 255]
  [ 70  67  68 255]
  [ 64  62  63 255]
  ..., 
  [127 136 135 255]
  [128 137 136 255]
  [129 138 137 255]]

 [[ 39  33  46 255]
  [ 42  37  52 255]
  [ 46  41  57 255]
  ..., 
  [127 136 135 255]
  [128 137 136 255]
  [129 138 137 255]]

 [[ 45  35  69 255]
  [ 46  36  69 255]
  [ 46  37  67 255]
  ..., 
  [128 137 136 255]
  [128 137 136 255]
  [129 138 137 255]]]
(0, 0)
IMAGE MATRIX:
[[[ 54  52  93 255]
  [ 54  52  93 255]
  [ 53  51  92 255]
  ..., 
  [ 66  60  89 255]
  [ 66  60  89 255]
  [ 67  61  90 255]]

 [[ 54  52  93 255]
  [ 54  52  93 255]
  [ 53  51  92 255]
  ..., 
  [ 68  62  92 255]
  [ 68  62  92 255]
  [ 68  62  91 255]]

 [[ 55  53  94 255]
  [ 54  52  93 255]
  [ 54  52  93 255]
  ..., 
  [ 68  62  93 255]
  [ 68  62  91 255]
  [ 67  61  90 255]]

 ..., 
 [[ 74  72  73 255]
  [ 69  67  68 255]
  [ 66  64  65 255]
  ..., 
  [128 137 136 255]
  [129 138 136 255]
  [128 137 136 255]]

 [[ 35  29  44 255]
  [ 41  35  52 255]
  [ 47  41  58 255]
  ..., 
  [128 138 135 255]
  [129 138 135 255]
  [129 139 136 255]]

 [[ 44  34  69 255]
  [ 44  35  68 255]
  [ 44  34  67 255]
  ..., 
  [129 138 136 255]
  [129 139 135 255]
  [130 140 136 255]]]
(0, 0)
IMAGE MATRIX:
[[[ 53  51  93 255]
  [ 52  50  92 255]
  [ 52  50  92 255]
  ..., 
  [ 66  60  91 255]
  [ 67  60  91 255]
  [ 68  60  92 255]]

 [[ 53  51  93 255]
  [ 52  50  92 255]
  [ 52  50  92 255]
  ..., 
  [ 67  61  92 255]
  [ 67  61  92 255]
  [ 68  61  92 255]]

 [[ 55  53  95 255]
  [ 55  53  95 255]
  [ 54  52  94 255]
  ..., 
  [ 67  61  92 255]
  [ 68  61  92 255]
  [ 68  60  92 255]]

 ..., 
 [[ 76  74  75 255]
  [ 70  68  70 255]
  [ 65  63  64 255]
  ..., 
  [128 137 136 255]
  [129 138 137 255]
  [129 138 137 255]]

 [[ 38  32  45 255]
  [ 42  37  52 255]
  [ 46  40  56 255]
  ..., 
  [128 137 135 255]
  [129 139 135 255]
  [129 139 136 255]]

 [[ 47  37  71 255]
  [ 46  37  69 255]
  [ 45  36  66 255]
  ..., 
  [128 138 135 255]
  [129 139 135 255]
  [130 140 136 255]]]
(0, 0)
IMAGE MATRIX:
[[[ 54  52  93 255]
  [ 54  52  93 255]
  [ 53  51  92 255]
  ..., 
  [ 66  60  89 255]
  [ 67  61  90 255]
  [ 68  62  91 255]]

 [[ 54  52  93 255]
  [ 54  52  93 255]
  [ 53  51  92 255]
  ..., 
  [ 68  62  91 255]
  [ 68  62  91 255]
  [ 68  62  91 255]]

 [[ 55  53  94 255]
  [ 54  52  93 255]
  [ 54  52  93 255]
  ..., 
  [ 68  62  91 255]
  [ 67  61  90 255]
  [ 67  61  90 255]]

 ..., 
 [[ 75  73  74 255]
  [ 68  66  68 255]
  [ 63  61  62 255]
  ..., 
  [129 138 136 255]
  [129 137 136 255]
  [129 138 137 255]]

 [[ 36  30  43 255]
  [ 41  35  50 255]
  [ 46  40  56 255]
  ..., 
  [130 137 134 255]
  [129 137 134 255]
  [130 137 135 255]]

 [[ 47  37  71 255]
  [ 47  37  69 255]
  [ 45  37  67 255]
  ..., 
  [130 137 134 255]
  [130 137 134 255]
  [131 138 135 255]]]
(0, 0)
IMAGE MATRIX:
[[[ 54  52  94 255]
  [ 53  51  93 255]
  [ 53  51  93 255]
  ..., 
  [ 64  60  91 255]
  [ 64  60  91 255]
  [ 64  61  89 255]]

 [[ 54  52  94 255]
  [ 54  52  94 255]
  [ 54  52  94 255]
  ..., 
  [ 66  62  92 255]
  [ 66  63  91 255]
  [ 66  63  91 255]]

 [[ 55  53  95 255]
  [ 55  53  95 255]
  [ 54  52  94 255]
  ..., 
  [ 66  63  91 255]
  [ 66  63  91 255]
  [ 65  62  90 255]]

 ..., 
 [[ 73  72  71 255]
  [ 68  66  67 255]
  [ 63  62  62 255]
  ..., 
  [128 137 136 255]
  [129 138 137 255]
  [129 138 137 255]]

 [[ 34  30  42 255]
  [ 40  35  50 255]
  [ 45  40  56 255]
  ..., 
  [128 138 134 255]
  [129 139 135 255]
  [129 139 136 255]]

 [[ 43  36  69 255]
  [ 44  36  68 255]
  [ 44  36  66 255]
  ..., 
  [129 139 135 255]
  [129 139 135 255]
  [130 140 136 255]]]
(0, 0)
IMAGE MATRIX:
[[[ 56  52  93 255]
  [ 55  51  92 255]
  [ 53  50  91 255]
  ..., 
  [ 66  60  89 255]
  [ 66  60  89 255]
  [ 67  61  90 255]]

 [[ 56  52  93 255]
  [ 55  51  92 255]
  [ 54  51  92 255]
  ..., 
  [ 68  62  92 255]
  [ 68  62  93 255]
  [ 68  62  93 255]]

 [[ 58  54  95 255]
  [ 57  53  94 255]
  [ 55  51  92 255]
  ..., 
  [ 69  63  93 255]
  [ 68  62  92 255]
  [ 67  61  91 255]]

 ..., 
 [[ 76  73  72 255]
  [ 71  67  68 255]
  [ 65  61  63 255]
  ..., 
  [127 137 135 255]
  [128 137 136 255]
  [129 138 137 255]]

 [[ 38  31  44 255]
  [ 43  36  51 255]
  [ 46  39  56 255]
  ..., 
  [128 138 135 255]
  [129 138 135 255]
  [129 139 136 255]]

 [[ 45  35  69 255]
  [ 45  36  68 255]
  [ 45  36  66 255]
  ..., 
  [129 139 135 255]
  [129 139 135 255]
  [129 139 135 255]]]
(0, 0)
IMAGE MATRIX:
[[[ 53  51  92 255]
  [ 53  51  92 255]
  [ 53  51  92 255]
  ..., 
  [ 66  60  89 255]
  [ 66  60  89 255]
  [ 67  61  90 255]]

 [[ 53  51  92 255]
  [ 53  51  92 255]
  [ 53  51  92 255]
  ..., 
  [ 68  62  92 255]
  [ 68  62  93 255]
  [ 68  62  93 255]]

 [[ 55  53  94 255]
  [ 54  52  93 255]
  [ 54  52  93 255]
  ..., 
  [ 68  62  93 255]
  [ 68  62  92 255]
  [ 68  62  91 255]]

 ..., 
 [[ 75  73  73 255]
  [ 69  67  68 255]
  [ 62  60  62 255]
  ..., 
  [127 137 133 255]
  [128 138 134 255]
  [128 138 135 255]]

 [[ 36  31  44 255]
  [ 41  35  50 255]
  [ 44  39  55 255]
  ..., 
  [127 137 133 255]
  [128 138 134 255]
  [129 139 135 255]]

 [[ 47  37  71 255]
  [ 46  37  69 255]
  [ 45  36  67 255]
  ..., 
  [128 138 134 255]
  [129 139 135 255]
  [129 139 135 255]]]
(0, 0)
IMAGE MATRIX:
[[[ 53  51  92 255]
  [ 53  51  92 255]
  [ 53  52  92 255]
  ..., 
  [ 63  60  88 255]
  [ 63  59  88 255]
  [ 65  60  89 255]]

 [[ 54  52  93 255]
  [ 53  51  92 255]
  [ 54  52  93 255]
  ..., 
  [ 65  62  90 255]
  [ 66  61  90 255]
  [ 67  61  90 255]]

 [[ 56  54  95 255]
  [ 55  53  94 255]
  [ 54  52  93 255]
  ..., 
  [ 66  63  91 255]
  [ 66  61  90 255]
  [ 66  60  89 255]]

 ..., 
 [[ 74  71  73 255]
  [ 68  66  69 255]
  [ 63  60  64 255]
  ..., 
  [128 137 136 255]
  [129 138 137 255]
  [128 137 136 255]]

 [[ 36  30  44 255]
  [ 42  36  52 255]
  [ 46  41  57 255]
  ..., 
  [128 137 136 255]
  [129 138 137 255]
  [129 138 137 255]]

 [[ 47  38  70 255]
  [ 47  38  69 255]
  [ 46  38  67 255]
  ..., 
  [129 138 136 255]
  [129 139 136 255]
  [130 139 137 255]]]
(0, 0)
IMAGE MATRIX:
[[[ 56  52  92 255]
  [ 56  52  93 255]
  [ 55  51  92 255]
  ..., 
  [ 68  62  92 255]
  [ 68  62  93 255]
  [ 68  62  93 255]]

 [[ 56  52  92 255]
  [ 56  52  92 255]
  [ 56  52  92 255]
  ..., 
  [ 68  62  93 255]
  [ 68  62  93 255]
  [ 68  62  93 255]]

 [[ 57  54  92 255]
  [ 56  53  91 255]
  [ 56  52  91 255]
  ..., 
  [ 68  62  92 255]
  [ 67  61  91 255]
  [ 67  61  91 255]]

 ..., 
 [[ 77  73  76 255]
  [ 73  69  72 255]
  [ 69  66  69 255]
  ..., 
  [128 138 134 255]
  [128 138 134 255]
  [129 139 135 255]]

 [[ 39  33  48 255]
  [ 45  39  56 255]
  [ 49  44  61 255]
  ..., 
  [129 139 135 255]
  [129 139 135 255]
  [129 139 135 255]]

 [[ 47  37  71 255]
  [ 47  37  69 255]
  [ 45  36  67 255]
  ..., 
  [129 139 135 255]
  [130 140 136 255]
  [130 140 136 255]]]
(0.42050520059435365, 282.57949479940567)
IMAGE MATRIX:
[[[ 53  51  92 255]
  [ 53  51  92 255]
  [ 53  51  92 255]
  ..., 
  [ 67  61  90 255]
  [ 67  61  90 255]
  [ 67  61  90 255]]

 [[ 53  51  92 255]
  [ 53  51  92 255]
  [ 53  51  92 255]
  ..., 
  [ 68  62  91 255]
  [ 68  62  91 255]
  [ 68  62  91 255]]

 [[ 56  54  95 255]
  [ 55  53  94 255]
  [ 54  52  93 255]
  ..., 
  [ 67  61  90 255]
  [ 67  61  90 255]
  [ 67  61  90 255]]

 ..., 
 [[ 74  72  72 255]
  [ 68  66  67 255]
  [ 63  62  62 255]
  ..., 
  [128 137 135 255]
  [128 137 136 255]
  [128 137 136 255]]

 [[ 35  29  42 255]
  [ 40  35  50 255]
  [ 45  40  56 255]
  ..., 
  [128 138 135 255]
  [129 139 136 255]
  [130 139 136 255]]

 [[ 46  36  70 255]
  [ 46  36  68 255]
  [ 45  36  66 255]
  ..., 
  [129 139 135 255]
  [130 140 136 255]
  [131 141 137 255]]]
(0.41307578008915302, 277.58692421991083)
IMAGE MATRIX:
[[[ 55  53  94 255]
  [ 54  52  93 255]
  [ 54  52  93 255]
  ..., 
  [ 66  60  89 255]
  [ 67  61  90 255]
  [ 68  62  91 255]]

 [[ 55  53  94 255]
  [ 55  53  94 255]
  [ 55  53  94 255]
  ..., 
  [ 68  62  91 255]
  [ 68  62  91 255]
  [ 68  62  91 255]]

 [[ 56  54  95 255]
  [ 55  53  94 255]
  [ 55  53  94 255]
  ..., 
  [ 68  62  91 255]
  [ 68  62  91 255]
  [ 68  62  91 255]]

 ..., 
 [[ 74  72  74 255]
  [ 70  67  70 255]
  [ 66  62  66 255]
  ..., 
  [128 138 136 255]
  [129 138 136 255]
  [129 138 137 255]]

 [[ 37  31  45 255]
  [ 43  36  53 255]
  [ 48  41  60 255]
  ..., 
  [129 139 135 255]
  [129 139 136 255]
  [130 139 136 255]]

 [[ 45  35  70 255]
  [ 46  36  70 255]
  [ 46  36  69 255]
  ..., 
  [130 140 136 255]
  [130 140 136 255]
  [131 141 137 255]]]
(0.43833580980683506, 294.56166419019314)
IMAGE MATRIX:
[[[ 53  51  92 255]
  [ 53  51  92 255]
  [ 53  51  92 255]
  ..., 
  [ 67  61  90 255]
  [ 66  60  89 255]
  [ 67  61  90 255]]

 [[ 54  52  93 255]
  [ 53  51  92 255]
  [ 53  51  92 255]
  ..., 
  [ 69  63  92 255]
  [ 68  62  91 255]
  [ 68  62  91 255]]

 [[ 54  52  93 255]
  [ 53  51  92 255]
  [ 53  51  92 255]
  ..., 
  [ 69  63  92 255]
  [ 68  62  91 255]
  [ 68  62  91 255]]

 ..., 
 [[ 77  75  77 255]
  [ 72  69  72 255]
  [ 67  65  67 255]
  ..., 
  [128 138 134 255]
  [129 139 135 255]
  [129 139 135 255]]

 [[ 40  33  48 255]
  [ 44  38  54 255]
  [ 49  44  59 255]
  ..., 
  [128 138 134 255]
  [129 139 135 255]
  [129 139 135 255]]

 [[ 46  36  70 255]
  [ 46  37  69 255]
  [ 46  37  68 255]
  ..., 
  [128 138 134 255]
  [129 139 135 255]
  [130 140 136 255]]]
(0, 0)
IMAGE MATRIX:
[[[ 54  52  93 255]
  [ 53  51  92 255]
  [ 53  51  92 255]
  ..., 
  [ 66  60  89 255]
  [ 66  60  89 255]
  [ 67  61  90 255]]

 [[ 54  52  93 255]
  [ 53  51  92 255]
  [ 53  51  92 255]
  ..., 
  [ 68  62  92 255]
  [ 68  62  93 255]
  [ 68  62  93 255]]

 [[ 54  52  93 255]
  [ 53  51  92 255]
  [ 53  51  92 255]
  ..., 
  [ 68  62  93 255]
  [ 68  62  92 255]
  [ 67  61  91 255]]

 ..., 
 [[ 77  75  76 255]
  [ 71  69  70 255]
  [ 66  64  65 255]
  ..., 
  [127 136 135 255]
  [128 137 136 255]
  [128 137 136 255]]

 [[ 40  35  48 255]
  [ 44  38  53 255]
  [ 47  42  57 255]
  ..., 
  [128 137 136 255]
  [129 138 137 255]
  [129 138 137 255]]

 [[ 46  36  70 255]
  [ 46  36  68 255]
  [ 45  36  66 255]
  ..., 
  [128 137 136 255]
  [129 138 137 255]
  [130 139 138 255]]]
(0, 0)
IMAGE MATRIX:
[[[ 56  51  93 255]
  [ 55  50  93 255]
  [ 54  50  93 255]
  ..., 
  [ 66  60  89 255]
  [ 66  60  89 255]
  [ 69  61  90 255]]

 [[ 56  51  94 255]
  [ 55  50  93 255]
  [ 54  50  93 255]
  ..., 
  [ 68  62  91 255]
  [ 69  62  91 255]
  [ 70  62  91 255]]

 [[ 57  53  94 255]
  [ 56  52  93 255]
  [ 55  51  93 255]
  ..., 
  [ 69  63  92 255]
  [ 69  62  91 255]
  [ 68  62  91 255]]

 ..., 
 [[ 73  71  73 255]
  [ 67  65  67 255]
  [ 62  60  61 255]
  ..., 
  [128 137 136 255]
  [129 138 137 255]
  [129 138 137 255]]

 [[ 34  28  42 255]
  [ 39  33  49 255]
  [ 44  39  55 255]
  ..., 
  [129 138 137 255]
  [129 138 137 255]
  [129 138 137 255]]

 [[ 45  35  69 255]
  [ 45  36  68 255]
  [ 44  35  66 255]
  ..., 
  [128 138 135 255]
  [130 139 137 255]
  [130 139 137 255]]]
(0, 0)
IMAGE MATRIX:
[[[ 54  52  93 255]
  [ 53  51  92 255]
  [ 52  50  91 255]
  ..., 
  [ 67  61  90 255]
  [ 67  61  90 255]
  [ 68  62  91 255]]

 [[ 54  52  93 255]
  [ 53  51  92 255]
  [ 53  51  92 255]
  ..., 
  [ 68  62  93 255]
  [ 69  63  92 255]
  [ 69  63  92 255]]

 [[ 55  53  94 255]
  [ 54  52  93 255]
  [ 54  52  93 255]
  ..., 
  [ 68  62  92 255]
  [ 68  62  92 255]
  [ 68  62  91 255]]

 ..., 
 [[ 77  75  77 255]
  [ 72  70  72 255]
  [ 67  65  66 255]
  ..., 
  [128 137 136 255]
  [128 137 136 255]
  [129 138 137 255]]

 [[ 40  34  49 255]
  [ 45  39  55 255]
  [ 49  44  59 255]
  ..., 
  [128 137 136 255]
  [129 138 137 255]
  [129 138 137 255]]

 [[ 45  35  69 255]
  [ 46  36  68 255]
  [ 46  37  68 255]
  ..., 
  [129 138 135 255]
  [129 139 136 255]
  [130 139 137 255]]]
(0, 0)
IMAGE MATRIX:
[[[ 54  52  93 255]
  [ 53  51  92 255]
  [ 53  51  92 255]
  ..., 
  [ 65  59  88 255]
  [ 65  59  88 255]
  [ 66  60  89 255]]

 [[ 54  52  93 255]
  [ 53  51  92 255]
  [ 53  51  92 255]
  ..., 
  [ 67  61  90 255]
  [ 67  61  90 255]
  [ 68  62  91 255]]

 [[ 55  53  94 255]
  [ 55  53  94 255]
  [ 54  52  93 255]
  ..., 
  [ 67  61  90 255]
  [ 67  61  90 255]
  [ 67  61  90 255]]

 ..., 
 [[ 77  73  75 255]
  [ 72  68  71 255]
  [ 67  64  66 255]
  ..., 
  [128 137 136 255]
  [129 138 137 255]
  [129 138 137 255]]

 [[ 38  32  47 255]
  [ 44  38  54 255]
  [ 48  43  58 255]
  ..., 
  [128 137 136 255]
  [129 138 137 255]
  [129 138 137 255]]

 [[ 48  38  72 255]
  [ 47  38  70 255]
  [ 46  37  67 255]
  ..., 
  [128 137 136 255]
  [129 138 137 255]
  [130 139 138 255]]]
(0, 0)
IMAGE MATRIX:
[[[ 54  52  93 255]
  [ 53  51  92 255]
  [ 53  51  92 255]
  ..., 
  [ 66  60  89 255]
  [ 66  60  89 255]
  [ 66  60  89 255]]

 [[ 54  52  93 255]
  [ 54  52  93 255]
  [ 54  52  93 255]
  ..., 
  [ 69  63  92 255]
  [ 69  63  92 255]
  [ 69  63  92 255]]

 [[ 55  53  94 255]
  [ 54  52  93 255]
  [ 54  52  93 255]
  ..., 
  [ 69  63  92 255]
  [ 68  62  91 255]
  [ 67  61  90 255]]

 ..., 
 [[ 77  73  75 255]
  [ 71  67  70 255]
  [ 68  66  67 255]
  ..., 
  [128 138 136 255]
  [129 138 136 255]
  [128 137 136 255]]

 [[ 39  32  47 255]
  [ 44  37  53 255]
  [ 49  44  59 255]
  ..., 
  [129 139 135 255]
  [129 139 136 255]
  [129 139 136 255]]

 [[ 46  36  70 255]
  [ 46  36  68 255]
  [ 45  36  66 255]
  ..., 
  [130 140 136 255]
  [130 140 136 255]
  [130 140 136 255]]]
(0, 0)
IMAGE MATRIX:
[[[ 53  51  92 255]
  [ 53  51  92 255]
  [ 53  51  92 255]
  ..., 
  [ 65  59  88 255]
  [ 65  59  88 255]
  [ 66  60  89 255]]

 [[ 53  51  92 255]
  [ 53  51  92 255]
  [ 53  51  92 255]
  ..., 
  [ 68  62  91 255]
  [ 68  62  91 255]
  [ 68  62  91 255]]

 [[ 55  53  94 255]
  [ 54  52  93 255]
  [ 54  52  93 255]
  ..., 
  [ 68  62  91 255]
  [ 67  61  90 255]
  [ 66  60  89 255]]

 ..., 
 [[ 75  73  73 255]
  [ 70  68  69 255]
  [ 65  63  64 255]
  ..., 
  [128 138 136 255]
  [129 138 137 255]
  [129 139 137 255]]

 [[ 37  32  45 255]
  [ 42  37  52 255]
  [ 45  40  56 255]
  ..., 
  [129 138 135 255]
  [129 139 136 255]
  [129 139 136 255]]

 [[ 44  37  70 255]
  [ 44  36  68 255]
  [ 43  34  65 255]
  ..., 
  [128 138 134 255]
  [130 140 136 255]
  [130 140 136 255]]]
(0, 0)
IMAGE MATRIX:
[[[ 54  52  93 255]
  [ 53  51  92 255]
  [ 52  50  91 255]
  ..., 
  [ 66  60  89 255]
  [ 66  60  89 255]
  [ 67  61  90 255]]

 [[ 53  51  92 255]
  [ 52  50  91 255]
  [ 52  50  91 255]
  ..., 
  [ 68  62  91 255]
  [ 68  62  91 255]
  [ 68  62  91 255]]

 [[ 55  53  94 255]
  [ 54  52  93 255]
  [ 54  52  93 255]
  ..., 
  [ 69  63  92 255]
  [ 69  63  92 255]
  [ 68  62  91 255]]

 ..., 
 [[ 80  76  78 255]
  [ 75  71  74 255]
  [ 72  67  71 255]
  ..., 
  [129 139 135 255]
  [130 139 136 255]
  [129 139 135 255]]

 [[ 42  36  51 255]
  [ 47  40  58 255]
  [ 52  45  63 255]
  ..., 
  [129 138 136 255]
  [130 139 137 255]
  [130 139 137 255]]

 [[ 47  37  72 255]
  [ 47  37  71 255]
  [ 46  36  69 255]
  ..., 
  [128 137 136 255]
  [130 139 138 255]
  [130 139 138 255]]]
(0, 0)
IMAGE MATRIX:
[[[ 54  52  93 255]
  [ 53  51  92 255]
  [ 53  51  92 255]
  ..., 
  [ 66  60  89 255]
  [ 66  60  89 255]
  [ 67  61  90 255]]

 [[ 55  53  94 255]
  [ 54  52  93 255]
  [ 53  51  92 255]
  ..., 
  [ 68  62  91 255]
  [ 68  62  91 255]
  [ 68  62  91 255]]

 [[ 56  54  95 255]
  [ 55  53  94 255]
  [ 54  52  93 255]
  ..., 
  [ 68  62  91 255]
  [ 68  62  91 255]
  [ 68  62  91 255]]

 ..., 
 [[ 73  71  73 255]
  [ 69  66  69 255]
  [ 66  63  66 255]
  ..., 
  [128 137 136 255]
  [129 138 137 255]
  [129 138 137 255]]

 [[ 35  30  44 255]
  [ 41  36  53 255]
  [ 48  41  60 255]
  ..., 
  [129 138 137 255]
  [129 138 137 255]
  [129 138 137 255]]

 [[ 43  35  70 255]
  [ 45  36  70 255]
  [ 46  36  69 255]
  ..., 
  [128 137 136 255]
  [129 138 137 255]
  [130 139 138 255]]]
(0, 0)
IMAGE MATRIX:
[[[ 54  52  93 255]
  [ 53  51  92 255]
  [ 53  51  92 255]
  ..., 
  [ 65  59  88 255]
  [ 65  59  88 255]
  [ 67  61  90 255]]

 [[ 54  52  93 255]
  [ 54  52  93 255]
  [ 54  52  93 255]
  ..., 
  [ 67  61  90 255]
  [ 68  62  91 255]
  [ 67  61  90 255]]

 [[ 55  53  94 255]
  [ 55  53  94 255]
  [ 54  52  93 255]
  ..., 
  [ 68  62  91 255]
  [ 67  61  90 255]
  [ 67  61  90 255]]

 ..., 
 [[ 76  74  76 255]
  [ 71  68  71 255]
  [ 68  66  67 255]
  ..., 
  [128 138 134 255]
  [129 139 135 255]
  [129 139 136 255]]

 [[ 39  33  47 255]
  [ 44  38  54 255]
  [ 49  44  60 255]
  ..., 
  [128 138 135 255]
  [129 139 135 255]
  [130 140 136 255]]

 [[ 46  36  70 255]
  [ 46  37  69 255]
  [ 45  36  66 255]
  ..., 
  [129 139 135 255]
  [129 139 135 255]
  [130 140 136 255]]]
(0, 0)
IMAGE MATRIX:
[[[ 54  52  93 255]
  [ 53  51  92 255]
  [ 53  51  92 255]
  ..., 
  [ 66  60  89 255]
  [ 66  60  89 255]
  [ 67  61  90 255]]

 [[ 54  52  93 255]
  [ 54  52  93 255]
  [ 54  52  93 255]
  ..., 
  [ 67  61  90 255]
  [ 68  62  91 255]
  [ 68  62  91 255]]

 [[ 56  54  95 255]
  [ 55  53  94 255]
  [ 54  52  93 255]
  ..., 
  [ 68  62  91 255]
  [ 67  61  90 255]
  [ 67  61  90 255]]

 ..., 
 [[ 73  71  73 255]
  [ 68  65  68 255]
  [ 64  61  63 255]
  ..., 
  [127 137 133 255]
  [128 138 134 255]
  [129 138 135 255]]

 [[ 35  29  43 255]
  [ 41  35  51 255]
  [ 46  41  57 255]
  ..., 
  [128 138 134 255]
  [129 139 135 255]
  [129 139 135 255]]

 [[ 46  36  70 255]
  [ 46  37  69 255]
  [ 46  37  67 255]
  ..., 
  [128 138 134 255]
  [129 139 135 255]
  [130 140 136 255]]]
(0.4784546805349183, 321.52154531946508)
IMAGE MATRIX:
[[[ 54  52  93 255]
  [ 53  51  92 255]
  [ 52  50  91 255]
  ..., 
  [ 65  59  90 255]
  [ 66  60  91 255]
  [ 67  61  92 255]]

 [[ 54  52  93 255]
  [ 53  51  92 255]
  [ 52  50  91 255]
  ..., 
  [ 68  62  93 255]
  [ 68  62  93 255]
  [ 68  62  93 255]]

 [[ 55  53  94 255]
  [ 54  52  93 255]
  [ 54  52  93 255]
  ..., 
  [ 69  63  94 255]
  [ 68  62  93 255]
  [ 67  61  92 255]]

 ..., 
 [[ 74  72  72 255]
  [ 69  67  68 255]
  [ 66  64  65 255]
  ..., 
  [128 137 136 255]
  [129 138 137 255]
  [129 138 137 255]]

 [[ 36  30  43 255]
  [ 42  36  51 255]
  [ 47  42  58 255]
  ..., 
  [129 138 137 255]
  [129 138 137 255]
  [129 138 137 255]]

 [[ 47  38  70 255]
  [ 46  37  68 255]
  [ 44  36  66 255]
  ..., 
  [128 138 136 255]
  [130 139 136 255]
  [130 139 137 255]]]
(0.4784546805349183, 321.52154531946508)
IMAGE MATRIX:
[[[ 55  53  94 255]
  [ 53  51  92 255]
  [ 52  50  91 255]
  ..., 
  [ 65  59  89 255]
  [ 66  60  89 255]
  [ 67  61  90 255]]

 [[ 55  53  94 255]
  [ 54  52  93 255]
  [ 52  50  91 255]
  ..., 
  [ 66  61  92 255]
  [ 67  62  92 255]
  [ 67  61  92 255]]

 [[ 56  54  95 255]
  [ 55  53  94 255]
  [ 55  53  94 255]
  ..., 
  [ 66  63  93 255]
  [ 67  62  92 255]
  [ 67  61  90 255]]

 ..., 
 [[ 74  72  73 255]
  [ 68  65  68 255]
  [ 63  60  62 255]
  ..., 
  [127 136 135 255]
  [128 137 136 255]
  [128 137 136 255]]

 [[ 35  29  43 255]
  [ 41  35  50 255]
  [ 45  40  55 255]
  ..., 
  [128 137 136 255]
  [129 138 137 255]
  [129 138 137 255]]

 [[ 47  38  70 255]
  [ 47  39  69 255]
  [ 46  38  67 255]
  ..., 
  [128 137 136 255]
  [129 138 137 255]
  [130 139 138 255]]]
(0, 0)
IMAGE MATRIX:
[[[ 55  51  92 255]
  [ 55  51  92 255]
  [ 55  51  92 255]
  ..., 
  [ 66  60  89 255]
  [ 67  61  90 255]
  [ 68  62  91 255]]

 [[ 55  51  92 255]
  [ 55  51  92 255]
  [ 55  51  92 255]
  ..., 
  [ 68  62  91 255]
  [ 69  63  92 255]
  [ 69  63  92 255]]

 [[ 57  53  94 255]
  [ 56  52  93 255]
  [ 56  52  93 255]
  ..., 
  [ 69  63  92 255]
  [ 68  62  91 255]
  [ 67  61  90 255]]

 ..., 
 [[ 77  75  75 255]
  [ 73  71  73 255]
  [ 68  66  67 255]
  ..., 
  [128 137 136 255]
  [129 138 137 255]
  [129 138 137 255]]

 [[ 40  34  48 255]
  [ 45  39  55 255]
  [ 48  43  59 255]
  ..., 
  [129 138 137 255]
  [129 138 137 255]
  [129 138 137 255]]

 [[ 43  34  67 255]
  [ 44  35  67 255]
  [ 45  36  66 255]
  ..., 
  [128 138 135 255]
  [130 139 137 255]
  [130 139 137 255]]]
(0.40861812778603268, 274.59138187221396)
IMAGE MATRIX:
[[[ 53  51  92 255]
  [ 52  50  91 255]
  [ 52  50  91 255]
  ..., 
  [ 66  60  89 255]
  [ 67  61  90 255]
  [ 68  62  91 255]]

 [[ 54  52  93 255]
  [ 54  52  93 255]
  [ 53  51  92 255]
  ..., 
  [ 68  62  91 255]
  [ 68  62  91 255]
  [ 68  62  91 255]]

 [[ 56  54  95 255]
  [ 55  53  94 255]
  [ 54  52  93 255]
  ..., 
  [ 68  62  91 255]
  [ 68  62  91 255]
  [ 67  61  90 255]]

 ..., 
 [[ 74  72  72 255]
  [ 69  67  68 255]
  [ 64  62  63 255]
  ..., 
  [127 137 133 255]
  [128 138 134 255]
  [129 139 136 255]]

 [[ 36  31  44 255]
  [ 41  36  51 255]
  [ 45  40  56 255]
  ..., 
  [128 138 134 255]
  [129 139 135 255]
  [129 139 135 255]]

 [[ 45  35  69 255]
  [ 45  35  68 255]
  [ 44  35  65 255]
  ..., 
  [127 137 133 255]
  [129 139 135 255]
  [129 139 135 255]]]
(0, 0)
IMAGE MATRIX:
[[[ 53  51  92 255]
  [ 53  51  92 255]
  [ 53  51  92 255]
  ..., 
  [ 67  61  90 255]
  [ 68  61  90 255]
  [ 69  62  91 255]]

 [[ 54  52  93 255]
  [ 54  52  93 255]
  [ 53  51  92 255]
  ..., 
  [ 68  62  91 255]
  [ 68  62  91 255]
  [ 69  61  90 255]]

 [[ 55  53  94 255]
  [ 54  52  93 255]
  [ 54  52  93 255]
  ..., 
  [ 68  62  91 255]
  [ 68  61  90 255]
  [ 69  61  90 255]]

 ..., 
 [[ 75  73  75 255]
  [ 70  67  70 255]
  [ 66  63  67 255]
  ..., 
  [127 137 135 255]
  [128 137 136 255]
  [128 137 136 255]]

 [[ 37  31  46 255]
  [ 42  37  53 255]
  [ 48  42  59 255]
  ..., 
  [128 138 134 255]
  [128 138 135 255]
  [128 138 135 255]]

 [[ 43  36  69 255]
  [ 44  36  68 255]
  [ 45  36  67 255]
  ..., 
  [128 138 134 255]
  [129 139 135 255]
  [129 139 135 255]]]
(0, 0)
IMAGE MATRIX:
[[[ 54  52  93 255]
  [ 54  52  93 255]
  [ 53  51  92 255]
  ..., 
  [ 66  60  91 255]
  [ 66  60  91 255]
  [ 67  61  92 255]]

 [[ 54  52  93 255]
  [ 54  52  93 255]
  [ 53  51  92 255]
  ..., 
  [ 67  61  92 255]
  [ 67  61  92 255]
  [ 67  61  92 255]]

 [[ 55  53  94 255]
  [ 54  52  93 255]
  [ 54  52  93 255]
  ..., 
  [ 67  61  92 255]
  [ 67  61  91 255]
  [ 66  60  90 255]]

 ..., 
 [[ 75  73  73 255]
  [ 70  68  69 255]
  [ 65  63  64 255]
  ..., 
  [128 138 134 255]
  [129 139 135 255]
  [129 139 136 255]]

 [[ 39  34  46 255]
  [ 43  38  52 255]
  [ 46  41  56 255]
  ..., 
  [128 139 135 255]
  [129 140 136 255]
  [129 140 136 255]]

 [[ 47  38  70 255]
  [ 46  38  68 255]
  [ 44  37  65 255]
  ..., 
  [129 139 135 255]
  [129 140 136 255]
  [130 140 136 255]]]
(0, 0)
IMAGE MATRIX:
[[[ 54  52  93 255]
  [ 53  51  92 255]
  [ 53  51  92 255]
  ..., 
  [ 66  60  91 255]
  [ 66  60  91 255]
  [ 67  61  92 255]]

 [[ 54  52  93 255]
  [ 53  51  92 255]
  [ 53  51  92 255]
  ..., 
  [ 67  61  92 255]
  [ 67  61  92 255]
  [ 67  61  92 255]]

 [[ 56  54  95 255]
  [ 55  53  94 255]
  [ 55  53  94 255]
  ..., 
  [ 67  61  92 255]
  [ 67  61  91 255]
  [ 67  61  90 255]]

 ..., 
 [[ 74  72  74 255]
  [ 68  66  68 255]
  [ 61  59  61 255]
  ..., 
  [128 137 136 255]
  [129 138 137 255]
  [129 138 137 255]]

 [[ 36  30  45 255]
  [ 40  35  51 255]
  [ 44  38  55 255]
  ..., 
  [128 137 136 255]
  [129 138 137 255]
  [129 138 137 255]]

 [[ 43  35  70 255]
  [ 44  35  69 255]
  [ 44  34  67 255]
  ..., 
  [128 137 136 255]
  [129 138 137 255]
  [130 139 138 255]]]
(0, 0)
IMAGE MATRIX:
[[[ 54  52  94 255]
  [ 54  52  94 255]
  [ 53  51  93 255]
  ..., 
  [ 66  60  89 255]
  [ 66  60  89 255]
  [ 67  61  90 255]]

 [[ 54  52  94 255]
  [ 54  52  94 255]
  [ 53  51  93 255]
  ..., 
  [ 68  62  91 255]
  [ 69  63  92 255]
  [ 69  63  94 255]]

 [[ 54  52  94 255]
  [ 55  53  95 255]
  [ 55  53  95 255]
  ..., 
  [ 69  63  92 255]
  [ 68  62  92 255]
  [ 67  61  91 255]]

 ..., 
 [[ 76  74  74 255]
  [ 70  67  68 255]
  [ 64  62  63 255]
  ..., 
  [128 137 136 255]
  [129 138 137 255]
  [129 138 137 255]]

 [[ 39  33  46 255]
  [ 43  37  52 255]
  [ 47  41  57 255]
  ..., 
  [128 138 134 255]
  [129 139 135 255]
  [129 139 136 255]]

 [[ 48  38  72 255]
  [ 48  38  71 255]
  [ 47  38  68 255]
  ..., 
  [128 138 134 255]
  [129 139 135 255]
  [129 139 135 255]]]
(0, 0)
IMAGE MATRIX:
[[[ 54  52  93 255]
  [ 53  51  92 255]
  [ 53  51  92 255]
  ..., 
  [ 67  61  92 255]
  [ 67  61  92 255]
  [ 67  61  92 255]]

 [[ 55  53  94 255]
  [ 54  52  93 255]
  [ 53  51  92 255]
  ..., 
  [ 68  62  93 255]
  [ 68  62  93 255]
  [ 68  62  93 255]]

 [[ 55  53  94 255]
  [ 54  52  93 255]
  [ 54  52  93 255]
  ..., 
  [ 68  62  92 255]
  [ 68  62  92 255]
  [ 67  61  91 255]]

 ..., 
 [[ 76  72  72 255]
  [ 70  66  67 255]
  [ 67  63  63 255]
  ..., 
  [128 137 136 255]
  [129 138 137 255]
  [129 138 137 255]]

 [[ 37  30  43 255]
  [ 43  36  51 255]
  [ 47  41  56 255]
  ..., 
  [129 138 137 255]
  [129 138 137 255]
  [129 138 137 255]]

 [[ 47  37  71 255]
  [ 46  36  68 255]
  [ 44  35  65 255]
  ..., 
  [129 139 137 255]
  [130 140 137 255]
  [130 139 137 255]]]
(0, 0)
IMAGE MATRIX:
[[[ 53  51  92 255]
  [ 53  51  92 255]
  [ 53  51  92 255]
  ..., 
  [ 66  60  89 255]
  [ 66  60  89 255]
  [ 67  61  90 255]]

 [[ 54  52  93 255]
  [ 53  51  92 255]
  [ 53  51  92 255]
  ..., 
  [ 68  62  91 255]
  [ 69  63  92 255]
  [ 70  64  93 255]]

 [[ 56  54  95 255]
  [ 55  53  94 255]
  [ 53  51  92 255]
  ..., 
  [ 69  63  92 255]
  [ 69  63  92 255]
  [ 68  62  91 255]]

 ..., 
 [[ 73  71  71 255]
  [ 68  66  67 255]
  [ 64  62  63 255]
  ..., 
  [128 138 136 255]
  [129 138 137 255]
  [129 138 137 255]]

 [[ 35  30  42 255]
  [ 41  35  50 255]
  [ 45  40  56 255]
  ..., 
  [130 140 136 255]
  [130 140 137 255]
  [131 140 137 255]]

 [[ 45  36  68 255]
  [ 45  36  67 255]
  [ 44  35  65 255]
  ..., 
  [130 140 136 255]
  [131 141 137 255]
  [131 141 137 255]]]
(0.40564635958395245, 272.59435364041605)
IMAGE MATRIX:
[[[ 54  52  93 255]
  [ 54  52  93 255]
  [ 53  51  92 255]
  ..., 
  [ 64  61  89 255]
  [ 65  61  90 255]
  [ 67  62  91 255]]

 [[ 54  52  93 255]
  [ 53  51  92 255]
  [ 53  51  92 255]
  ..., 
  [ 65  62  90 255]
  [ 67  63  91 255]
  [ 69  63  92 255]]

 [[ 56  54  95 255]
  [ 55  53  94 255]
  [ 54  52  93 255]
  ..., 
  [ 65  62  90 255]
  [ 67  62  90 255]
  [ 67  61  90 255]]

 ..., 
 [[ 75  73  75 255]
  [ 71  68  71 255]
  [ 69  66  70 255]
  ..., 
  [127 137 135 255]
  [128 137 136 255]
  [129 139 137 255]]

 [[ 39  33  48 255]
  [ 45  39  56 255]
  [ 50  44  62 255]
  ..., 
  [128 138 134 255]
  [129 138 135 255]
  [129 139 136 255]]

 [[ 47  37  72 255]
  [ 47  37  71 255]
  [ 46  36  68 255]
  ..., 
  [128 138 134 255]
  [129 139 135 255]
  [129 139 135 255]]]
(0.46508172362555722, 312.53491827637447)
IMAGE MATRIX:
[[[ 56  52  93 255]
  [ 55  51  92 255]
  [ 54  50  91 255]
  ..., 
  [ 67  61  90 255]
  [ 67  61  90 255]
  [ 68  62  91 255]]

 [[ 56  52  93 255]
  [ 55  51  92 255]
  [ 54  51  92 255]
  ..., 
  [ 68  62  91 255]
  [ 68  62  91 255]
  [ 68  62  91 255]]

 [[ 58  54  95 255]
  [ 57  53  94 255]
  [ 57  53  94 255]
  ..., 
  [ 68  62  91 255]
  [ 68  62  91 255]
  [ 68  62  91 255]]

 ..., 
 [[ 76  72  75 255]
  [ 70  67  69 255]
  [ 66  63  65 255]
  ..., 
  [128 137 136 255]
  [129 138 137 255]
  [129 138 137 255]]

 [[ 37  31  46 255]
  [ 42  36  53 255]
  [ 48  42  59 255]
  ..., 
  [128 137 136 255]
  [129 138 137 255]
  [129 138 137 255]]

 [[ 43  35  70 255]
  [ 45  36  70 255]
  [ 46  37  69 255]
  ..., 
  [130 138 135 255]
  [130 138 136 255]
  [130 138 137 255]]]
(0, 0)
IMAGE MATRIX:
[[[ 56  52  93 255]
  [ 55  51  92 255]
  [ 54  50  91 255]
  ..., 
  [ 66  60  89 255]
  [ 66  60  89 255]
  [ 66  60  89 255]]

 [[ 56  52  93 255]
  [ 55  51  92 255]
  [ 54  50  91 255]
  ..., 
  [ 68  62  91 255]
  [ 69  63  92 255]
  [ 69  63  92 255]]

 [[ 57  53  94 255]
  [ 57  53  94 255]
  [ 55  51  92 255]
  ..., 
  [ 69  63  92 255]
  [ 68  62  91 255]
  [ 68  62  91 255]]

 ..., 
 [[ 75  73  75 255]
  [ 70  68  70 255]
  [ 65  63  64 255]
  ..., 
  [128 137 136 255]
  [129 138 137 255]
  [129 138 137 255]]

 [[ 39  33  48 255]
  [ 44  38  54 255]
  [ 47  41  57 255]
  ..., 
  [128 137 136 255]
  [129 138 137 255]
  [129 138 137 255]]

 [[ 46  36  70 255]
  [ 46  37  69 255]
  [ 45  36  67 255]
  ..., 
  [129 138 137 255]
  [129 138 137 255]
  [130 139 138 255]]]
(0.40861812778603268, 274.59138187221396)
IMAGE MATRIX:
[[[ 54  52  93 255]
  [ 53  51  92 255]
  [ 53  51  92 255]
  ..., 
  [ 65  59  88 255]
  [ 65  59  88 255]
  [ 66  60  89 255]]

 [[ 54  52  93 255]
  [ 53  51  92 255]
  [ 53  51  92 255]
  ..., 
  [ 68  62  91 255]
  [ 68  62  91 255]
  [ 68  62  91 255]]

 [[ 54  52  93 255]
  [ 54  52  93 255]
  [ 54  52  93 255]
  ..., 
  [ 69  63  92 255]
  [ 68  62  91 255]
  [ 67  61  90 255]]

 ..., 
 [[ 77  75  77 255]
  [ 71  68  71 255]
  [ 66  63  65 255]
  ..., 
  [127 136 135 255]
  [128 137 136 255]
  [128 137 136 255]]

 [[ 38  32  47 255]
  [ 42  36  52 255]
  [ 47  42  57 255]
  ..., 
  [128 137 136 255]
  [129 138 137 255]
  [129 138 137 255]]

 [[ 45  35  69 255]
  [ 45  36  68 255]
  [ 45  36  66 255]
  ..., 
  [128 138 135 255]
  [129 139 136 255]
  [129 139 137 255]]]
(0.41307578008915302, 277.58692421991083)
IMAGE MATRIX:
[[[ 54  52  93 255]
  [ 53  51  92 255]
  [ 53  51  92 255]
  ..., 
  [ 66  60  89 255]
  [ 66  60  89 255]
  [ 67  61  90 255]]

 [[ 54  52  93 255]
  [ 53  51  92 255]
  [ 53  51  92 255]
  ..., 
  [ 68  62  91 255]
  [ 68  62  91 255]
  [ 67  61  90 255]]

 [[ 56  54  95 255]
  [ 55  53  94 255]
  [ 54  52  93 255]
  ..., 
  [ 68  62  91 255]
  [ 67  61  90 255]
  [ 67  61  90 255]]

 ..., 
 [[ 76  74  76 255]
  [ 73  71  73 255]
  [ 71  69  71 255]
  ..., 
  [128 137 136 255]
  [128 137 136 255]
  [128 137 136 255]]

 [[ 40  34  49 255]
  [ 46  40  57 255]
  [ 51  45  63 255]
  ..., 
  [129 138 137 255]
  [129 138 137 255]
  [130 139 138 255]]

 [[ 44  36  71 255]
  [ 44  35  69 255]
  [ 44  34  67 255]
  ..., 
  [128 138 136 255]
  [130 139 137 255]
  [130 140 137 255]]]
(0, 0)
IMAGE MATRIX:
[[[ 53  51  92 255]
  [ 53  51  92 255]
  [ 53  51  92 255]
  ..., 
  [ 66  60  89 255]
  [ 66  60  89 255]
  [ 67  61  90 255]]

 [[ 54  52  93 255]
  [ 54  52  93 255]
  [ 53  51  92 255]
  ..., 
  [ 68  62  91 255]
  [ 68  62  91 255]
  [ 68  62  91 255]]

 [[ 55  53  94 255]
  [ 54  52  93 255]
  [ 54  52  93 255]
  ..., 
  [ 68  62  91 255]
  [ 68  62  91 255]
  [ 67  61  90 255]]

 ..., 
 [[ 74  72  74 255]
  [ 69  66  69 255]
  [ 67  63  65 255]
  ..., 
  [128 137 136 255]
  [129 138 137 255]
  [129 138 137 255]]

 [[ 36  30  45 255]
  [ 42  36  52 255]
  [ 48  41  59 255]
  ..., 
  [128 137 136 255]
  [129 138 137 255]
  [130 139 138 255]]

 [[ 46  36  71 255]
  [ 46  36  70 255]
  [ 45  35  68 255]
  ..., 
  [128 137 136 255]
  [129 138 137 255]
  [130 139 138 255]]]
(0.40416047548291234, 271.59583952451709)
IMAGE MATRIX:
[[[ 54  52  94 255]
  [ 53  51  93 255]
  [ 53  51  93 255]
  ..., 
  [ 66  60  90 255]
  [ 66  60  89 255]
  [ 67  61  90 255]]

 [[ 54  52  94 255]
  [ 54  52  94 255]
  [ 53  51  93 255]
  ..., 
  [ 68  62  92 255]
  [ 68  62  92 255]
  [ 68  62  91 255]]

 [[ 55  53  94 255]
  [ 54  52  94 255]
  [ 54  52  94 255]
  ..., 
  [ 68  62  92 255]
  [ 68  62  91 255]
  [ 68  62  91 255]]

 ..., 
 [[ 75  72  73 255]
  [ 69  66  68 255]
  [ 64  62  63 255]
  ..., 
  [128 137 136 255]
  [129 138 137 255]
  [129 138 137 255]]

 [[ 36  31  44 255]
  [ 41  35  50 255]
  [ 46  40  56 255]
  ..., 
  [128 138 135 255]
  [129 139 135 255]
  [130 140 137 255]]

 [[ 45  35  69 255]
  [ 46  36  69 255]
  [ 45  36  67 255]
  ..., 
  [129 139 135 255]
  [129 139 135 255]
  [130 140 136 255]]]
(0.40861812778603268, 274.59138187221396)
IMAGE MATRIX:
[[[ 54  52  94 255]
  [ 54  52  94 255]
  [ 53  51  93 255]
  ..., 
  [ 67  61  90 255]
  [ 67  61  90 255]
  [ 67  61  90 255]]

 [[ 54  52  94 255]
  [ 53  51  93 255]
  [ 53  51  93 255]
  ..., 
  [ 68  62  91 255]
  [ 69  63  92 255]
  [ 69  63  92 255]]

 [[ 55  53  95 255]
  [ 54  52  94 255]
  [ 53  51  93 255]
  ..., 
  [ 68  62  91 255]
  [ 68  62  91 255]
  [ 67  61  90 255]]

 ..., 
 [[ 76  74  76 255]
  [ 72  69  72 255]
  [ 68  65  68 255]
  ..., 
  [128 137 136 255]
  [129 138 137 255]
  [128 137 136 255]]

 [[ 39  34  48 255]
  [ 44  38  55 255]
  [ 49  43  61 255]
  ..., 
  [128 137 136 255]
  [129 138 137 255]
  [129 138 137 255]]

 [[ 43  36  70 255]
  [ 44  35  69 255]
  [ 44  35  67 255]
  ..., 
  [128 138 135 255]
  [129 138 136 255]
  [130 139 137 255]]]
(0, 0)
IMAGE MATRIX:
[[[ 53  51  92 255]
  [ 53  51  92 255]
  [ 53  51  92 255]
  ..., 
  [ 67  61  90 255]
  [ 67  61  90 255]
  [ 68  62  91 255]]

 [[ 54  52  93 255]
  [ 53  51  92 255]
  [ 53  51  92 255]
  ..., 
  [ 69  63  92 255]
  [ 69  63  92 255]
  [ 70  64  93 255]]

 [[ 55  53  94 255]
  [ 54  52  93 255]
  [ 53  51  92 255]
  ..., 
  [ 69  63  92 255]
  [ 69  63  92 255]
  [ 68  62  91 255]]

 ..., 
 [[ 75  72  73 255]
  [ 70  67  69 255]
  [ 64  62  63 255]
  ..., 
  [128 137 136 255]
  [129 138 137 255]
  [129 138 137 255]]

 [[ 37  31  45 255]
  [ 42  36  52 255]
  [ 46  40  56 255]
  ..., 
  [128 138 134 255]
  [129 139 135 255]
  [130 140 137 255]]

 [[ 45  35  69 255]
  [ 45  36  68 255]
  [ 45  36  66 255]
  ..., 
  [129 139 135 255]
  [129 139 135 255]
  [130 140 136 255]]]
(0, 0)
line seen
line seen
line seen
line seen
line seen
line seen
line seen
line seen
line seen
line seen
line seen
line seen
line seen
line seen
line seen
line seen
line seen
line seen
line seen
line seen
line seen
line seen
line seen
line seen
line seen
line seen
line seen
line seen
line seen
line seen
line seen
line seen
line seen
line seen
line seen
line seen
line seen
line seen
line seen
line seen
line seen
line seen
line seen
line seen
line seen
line seen
line seen
line seen
line seen
line seen
line seen
line seen
line seen
line seen
line seen
... logging to /home/racecar/.ros/log/5179570a-c8d1-11ec-b0bb-00044bf23b6f/roslaunch-racecar-2848.log
Checking log directory for disk usage. This may take a while.
Press Ctrl-C to interrupt
Done checking log file disk usage. Usage is <1GB.
]2;/home/racecar/racecar_ws/src/visual_servoing/launch/parking_deploy.launch
[1mstarted roslaunch server http://racecar:37819/[0m

SUMMARY
========

PARAMETERS
 * /parking_controller/drive_topic: /vesc/ackermann_c...
 * /rosdistro: melodic
 * /rosversion: 1.14.12

NODES
  /
    cone_detector (visual_servoing/cone_detector.py)
    homography_transformer (visual_servoing/homography_transformer.py)
    parking_controller (visual_servoing/parking_controller.py)
    republish (image_transport/republish)

[1mROS_MASTER_URI=http://racecar:11311[0m
]2;/home/racecar/racecar_ws/src/visual_servoing/launch/parking_deploy.launch http://racecar:11311
[1mprocess[parking_controller-1]: started with pid [2899][0m
[1mprocess[cone_detector-2]: started with pid [2900][0m
[1mprocess[homography_transformer-3]: started with pid [2901][0m
[1mprocess[republish-4]: started with pid [2902][0m
[republish-4] killing on exit
[homography_transformer-3] killing on exit
[cone_detector-2] killing on exit
[parking_controller-1] killing on exit
shutting down processing monitor...
... shutting down processing monitor complete
[1mdone[0m
